1	1	1058	NOTAL
1	1059	16759510	SYN
1	8977189	8977669	INVDP
1	11330552	11334384	INVDP
1	16759511	16759729	NOTAL
1	16759730	16764363	TRANS
1	16764364	16775853	NOTAL
1	16775854	43269923	SYN
1	43269924	43270923	NOTAL
1	16094994	17703993	CentroMiner
2	1	35936250	SYN
2	3	355	DUP
2	19408260	19419818	DUP
2	35936251	35937250	NOTAL
2	13272924	14346945	CentroMiner
3	1	1095	NOTAL
3	1096	388286	SYN
3	400831	14254701	SYN
3	11401666	11402246	DUP
3	14249524	14262787	INVDP
3	14255237	16345488	SYN
3	16345489	16363810	NOTAL
3	16386426	16387822	NOTAL
3	16387823	31111986	SYN
3	31111987	31113090	NOTAL
3	31123501	31124525	NOTAL
3	31124526	36413808	SYN
3	36054136	36055464	INVDP
3	36171648	36172480	DUP
3	36413809	36413819	NOTAL
3	19951905	20490878	CentroMiner
4	1	1000	NOTAL
4	1001	1472	DUP
4	1001	1751	INVDP
4	1001	1758	DUP
4	1001	1845	INVDP
4	1001	35502294	SYN
4	17116728	17121227	INVDP
4	17116728	17121227	TRANS
4	16737183	16737472	NOTAL
4	16774973	25655344	SYN
4	25675337	32445107	SYN
4	32445108	32525436	NOTAL
4	32532185	35502694	SYN
4	9884805	10256075	CentroMiner
5	1	1346411	SYN
5	1359889	1385026	SYN
5	1385027	1385886	NOTAL
5	1389948	1390659	NOTAL
5	1390660	27174269	SYN
5	12738572	12741169	INVDP
5	27128091	27174269	INVDP
5	27174270	27175269	NOTAL
5	27175270	29957434	SYN
5	29700843	29709362	INVDP
5	29843989	29845340	INVDP
5	29848614	29850606	INVDP
5	29957435	29958434	NOTAL
5	12426342	12673047	CentroMiner
6	1	1000	NOTAL
6	1001	38877	SYN
6	34029	36841	DUP
6	42011	10304780	SYN
6	51689	57472	DUP
6	51689	58533	DUP
6	52650	63011	DUP
6	54748	56958	DUP
6	54865	56779	DUP
6	54865	57384	DUP
6	54865	57409	DUP
6	54865	57472	DUP
6	54910	57409	DUP
6	55165	56783	DUP
6	55573	57118	DUP
6	55927	56761	DUP
6	55972	57118	DUP
6	56072	56779	DUP
6	68520	69319	DUP
6	68657	69188	DUP
6	76842	78158	DUP
6	82676	84583	DUP
6	82829	84696	DUP
6	83854	84690	DUP
6	83854	84696	DUP
6	83854	84696	DUP
6	83854	84696	DUP
6	83899	84690	DUP
6	10304781	10304854	NOTAL
6	10305745	31247787	SYN
6	19118514	19129744	INVDP
6	21384869	21395111	DUP
6	21465074	21475543	DUP
6	31247788	31248787	NOTAL
6	15515611	16365241	CentroMiner
7	1	1000	NOTAL
7	1001	29697602	SYN
7	9373706	9376434	INVDP
7	11922115	11925709	DUP
7	11922116	11926095	INVDP
7	12097563	12101519	DUP
7	12302187	12307232	INVDP
7	13573457	13577500	INVDP
7	13573457	13577500	INVDP
7	13573457	13577500	INVDP
7	13573457	13577500	INVDP
7	13573458	13577500	DUP
7	29696878	29697602	DUP
7	29696969	29697602	DUP
7	29697603	29697621	NOTAL
7	12210941	12467982	CentroMiner
8	1	1025	NOTAL
8	1302	28442022	SYN
8	1941542	1942335	DUP
8	6661213	6662993	INVDP
8	9161460	9164329	INVDP
8	28442023	28443022	NOTAL
8	12913884	13137985	CentroMiner
9	1	1000	NOTAL
9	1001	37815	DUP
9	1001	37815	DUP
9	1001	37815	DUP
9	1001	37815	DUP
9	1001	37815	DUP
9	1001	37815	DUP
9	1001	37815	DUP
9	1001	37815	DUP
9	1001	37815	DUP
9	1001	37815	DUP
9	1001	37815	DUP
9	1001	37815	DUP
9	1001	37815	DUP
9	1001	37815	DUP
9	1001	37815	DUP
9	1001	37815	DUP
9	1001	37815	DUP
9	1001	37815	DUP
9	1001	37815	DUP
9	1001	37815	DUP
9	1001	37815	DUP
9	1001	37815	DUP
9	1001	37815	DUP
9	1001	37815	DUP
9	1001	37815	DUP
9	1001	37815	DUP
9	1001	37815	DUP
9	1001	37815	DUP
9	1001	37815	DUP
9	1001	37815	DUP
9	1001	37815	DUP
9	1001	37815	DUP
9	1001	37815	DUP
9	1001	37815	DUP
9	1001	37815	DUP
9	1001	37815	DUP
9	1001	37815	DUP
9	1001	37815	DUP
9	1001	37815	DUP
9	1001	37815	DUP
9	1001	37815	DUP
9	1001	37815	DUP
9	1001	37815	DUP
9	1001	37815	DUP
9	1001	37815	DUP
9	1001	37815	DUP
9	1001	37815	DUP
9	1001	37815	DUP
9	1001	37815	DUP
9	1001	37815	DUP
9	1001	37815	DUP
9	1001	37815	DUP
9	1001	37815	DUP
9	1001	37815	DUP
9	1001	37815	DUP
9	1001	37815	DUP
9	1001	37815	DUP
9	1001	37815	DUP
9	1001	37815	DUP
9	1001	37815	DUP
9	1001	37815	DUP
9	1001	37815	DUP
9	1001	37815	DUP
9	1001	37815	DUP
9	1001	37815	DUP
9	1001	37815	DUP
9	1001	37815	DUP
9	1001	37815	DUP
9	1001	37815	DUP
9	1001	37815	DUP
9	1001	37815	DUP
9	1001	37815	DUP
9	1001	37815	DUP
9	1001	37815	DUP
9	1001	37815	DUP
9	1001	37815	DUP
9	1001	37815	DUP
9	1001	37815	DUP
9	1001	37815	DUP
9	1001	37815	DUP
9	1001	37815	DUP
9	1001	37815	DUP
9	1001	37815	DUP
9	1001	37815	DUP
9	1001	37815	DUP
9	1001	37815	DUP
9	1001	37815	DUP
9	1001	37815	DUP
9	1001	37815	DUP
9	1001	37815	DUP
9	1001	37815	DUP
9	1001	37815	DUP
9	1001	37815	DUP
9	1001	37815	DUP
9	1001	37815	DUP
9	1001	37815	DUP
9	1001	37815	DUP
9	1001	37815	DUP
9	1001	37815	DUP
9	1001	37815	DUP
9	1001	37815	DUP
9	1001	37815	DUP
9	1001	37815	DUP
9	1001	37815	DUP
9	1001	37815	DUP
9	1001	37815	DUP
9	1001	37815	DUP
9	1001	37815	DUP
9	1001	37815	DUP
9	1001	37815	DUP
9	1001	37815	DUP
9	1001	37815	DUP
9	1001	37815	DUP
9	1001	37815	DUP
9	1001	37815	DUP
9	1001	37815	DUP
9	1001	37815	DUP
9	1001	37815	DUP
9	1001	37815	DUP
9	1001	37815	DUP
9	1001	37815	DUP
9	1001	37815	DUP
9	1001	37815	DUP
9	1001	37815	DUP
9	1001	37815	DUP
9	1001	37815	DUP
9	1001	37815	DUP
9	1001	37815	DUP
9	1001	37815	DUP
9	1001	37815	DUP
9	1001	37815	DUP
9	1001	37815	DUP
9	1001	37815	DUP
9	1001	37815	DUP
9	1001	37815	DUP
9	1001	37815	DUP
9	1001	37815	DUP
9	1001	37815	DUP
9	1001	37815	DUP
9	1001	37815	DUP
9	1001	37815	DUP
9	1001	37815	DUP
9	1001	37815	DUP
9	1001	37815	DUP
9	1001	37815	DUP
9	1001	37815	DUP
9	1001	37815	DUP
9	1001	37815	DUP
9	1001	37815	DUP
9	1001	37815	DUP
9	1001	37815	DUP
9	1001	37815	DUP
9	1001	37815	DUP
9	1001	37815	DUP
9	1001	37815	DUP
9	1001	37815	DUP
9	1001	37815	DUP
9	1001	37815	DUP
9	1001	37815	DUP
9	1001	37815	DUP
9	1001	37815	DUP
9	1001	37815	DUP
9	1001	37815	DUP
9	1001	37815	DUP
9	1001	37815	DUP
9	1001	37815	DUP
9	1001	37815	DUP
9	1001	37815	DUP
9	1001	37815	DUP
9	1001	37815	DUP
9	1001	37815	DUP
9	1001	37815	DUP
9	1001	37815	DUP
9	1001	37815	DUP
9	1001	37815	DUP
9	1001	37815	DUP
9	1001	37815	DUP
9	1001	37815	DUP
9	1001	37815	DUP
9	1001	37815	DUP
9	1001	37815	DUP
9	1001	37815	DUP
9	1001	37815	DUP
9	1001	37815	DUP
9	1001	37815	DUP
9	1001	37815	DUP
9	1001	37815	DUP
9	1001	37815	DUP
9	1001	37815	DUP
9	1001	37815	DUP
9	1001	37815	DUP
9	1001	37815	DUP
9	1001	37815	DUP
9	1001	37815	DUP
9	1001	37815	DUP
9	1001	37815	DUP
9	1001	37815	DUP
9	1001	37815	DUP
9	1001	37815	DUP
9	1001	37815	DUP
9	1001	37815	DUP
9	1001	37815	DUP
9	1001	37815	DUP
9	1001	37815	DUP
9	1001	37815	DUP
9	1001	37815	DUP
9	1001	37815	DUP
9	1001	37815	DUP
9	1001	37815	DUP
9	1001	37815	DUP
9	1001	37815	DUP
9	1001	37815	DUP
9	1001	37815	DUP
9	1001	37815	DUP
9	1001	37815	DUP
9	1001	37815	DUP
9	1001	37815	DUP
9	1001	37815	DUP
9	1001	37815	DUP
9	1001	37815	DUP
9	1001	37815	DUP
9	1001	37815	DUP
9	1001	37815	DUP
9	1001	37815	DUP
9	1001	37815	DUP
9	1001	22987304	SYN
9	5682	37815	DUP
9	1020370	1023088	INVDP
9	2935289	2936785	INVDP
9	9327264	9335807	INVDP
9	22966512	22966789	INVDP
9	22988945	23012720	NOTAL
9	6644864	7361723	CentroMiner
10	1	1000	NOTAL
10	1001	1409	DUP
10	1001	1409	INVDP
10	1001	1409	INVDP
10	1006	3280071	SYN
10	1154	1409	DUP
10	1051090	1052787	INVDP
10	3281725	8117103	SYN
10	8117104	8161067	NOTAL
10	8161068	8162686	TRANS
10	8162687	8205855	NOTAL
10	8206371	8207640	NOTAL
10	8207641	10711037	SYN
10	8251901	8259643	INVDP
10	10711038	10711055	NOTAL
10	10711376	10823099	SYN
10	10823049	16007153	SYN
10	16007154	16007371	NOTAL
10	16014530	16014740	NOTAL
10	16014741	23206287	SYN
10	20462676	20477455	INVDP
10	23206288	23207287	NOTAL
10	8317621	8746339	CentroMiner
11	1	1000	NOTAL
11	1001	6603009	SYN
11	6603010	6632547	NOTAL
11	6632548	7993539	SYN
11	7178990	7183089	INVDP
11	7996181	12039447	SYN
11	12039448	12042723	NOTAL
11	12078699	12078845	NOTAL
11	12120590	12180279	NOTAL
11	12180280	12180697	DUP
11	12180280	12180942	SYN
11	12180306	12180950	DUP
11	12180951	12181929	NOTAL
11	12181930	12182969	SYN
11	12182255	12182999	DUP
11	12182656	12183506	DUP
11	12182849	12185767	SYN
11	12185768	12186485	NOTAL
11	12186486	12187423	TRANS
11	12187424	12188691	NOTAL
11	12188692	12189799	TRANS
11	12188933	12189292	DUP
11	12189800	12194414	NOTAL
11	12194415	12195180	INVDP
11	12195181	12267687	NOTAL
11	12267688	12268075	SYN
11	12268076	12271409	NOTAL
11	12271410	12299806	SYN
11	12299807	12301697	NOTAL
11	12301698	12301982	DUP
11	12301785	12302253	SYN
11	12302254	12305042	NOTAL
11	12305043	12305397	TRANS
11	12306083	12306596	NOTAL
11	12306878	12316023	NOTAL
11	12316024	12316787	SYN
11	12316788	12325734	NOTAL
11	12325735	12326257	TRANS
11	12326258	12482615	NOTAL
11	12482616	15857777	SYN
11	14913074	14916598	INVDP
11	15592218	15596592	INVDP
11	15858195	15858264	NOTAL
11	15858265	16490410	SYN
11	16533418	16533429	NOTAL
11	16533430	19782061	SYN
11	19782062	19796079	NOTAL
11	19817422	19817424	NOTAL
11	19852764	19852789	NOTAL
11	19852790	29020106	SYN
11	29020107	29021106	NOTAL
11	12889381	14265047	CentroMiner
12	1	1000	NOTAL
12	1001	3893329	SYN
12	3900064	27530856	SYN
12	17312989	17324425	INVDP
12	27530857	27531856	NOTAL
12	11961796	12513381	CentroMiner
